03
6F
81
80
00
01
00
06
00
00
00
00
03//3      12th byte
77//w
77//w
77//w
03//3
63//c
6E//n
6E//n
03//3
63//c
6F//o
6D//m
00 //0
00 //
01 //A /NS /MX
00 //
01 //IN
C0 //29th byte =11000000000
0C //points to the 12th byte
00 //31st byte
05
00
01
00
00
0D
C9
00
16
03
77
77
77
03
63
6E
6E
03
63
6F
6D
04
76
67
74
66
03
6E
65
74
00
C0
29
00
05
00
01
00
00
00
5E
00
0F
07
63
6E
6E
2D
35
36
6D
04
67
73
6C
62
C0
35
C0
4B
00
01
00
01
00
00
00
F4
00
04
9D
A6
F9
0B
C0
4B
00
01
00
01
00
00
00
F4
00
04
9D
A6
F8
0A
C0
4B
00
01
00
01
00
00
00
F4
00
04
9D
A6
F8
0B
C0
4B
00
01
00
01
00
00
00
F4
00
04
9D
A6
F9
0A
00
00
00
00
00
00
00
00
00
00
00
00
00
00
00
00
00
00
00
00
00
00
00
00
00
00
00
00
00
00
00
00
00
00
00
00
00
00
00
00
00
00
00
00
00
00
00
00
00
00
00
00
00
00
00
00
00
00
00
00
00
00
00
00
00
00
00
00
00
00
00
00
00
00
00
00
00
00
00
00
00
00
00
00
00
00
00
00
00
00
00
00
00
00
00
00
00
00
00
00
00
00
00
00